<!DOCTYPE html>
<html>
  <head>
    <!--Chord - Python wrapper around d3-chord

    This package enables the generation of Chord diagrams. They can be saved 
    directly to HTML files or displayed in a Jupyter Notebook output cell.

    Copyright 2020, Dr. Shahin Rostami
    http://shahinrostami.com
    https://github.com/shahinrostami/chord
    https://pypi.org/project/chord/
    -->
    <!--LICENSE
    Chord (https://github.com/shahinrostami/chord) generates interactive chord diagrams.
    Copyright (C) 2020  Dr. Shahin Rostami

    This program is free software: you can redistribute it and/or modify
    it under the terms of the GNU Affero General Public License as published
    by the Free Software Foundation, either version 3 of the License, or
    (at your option) any later version.

    This program is distributed in the hope that it will be useful,
    but WITHOUT ANY WARRANTY; without even the implied warranty of
    MERCHANTABILITY or FITNESS FOR A PARTICULAR PURPOSE. See the
    GNU Affero General Public License for more details.

    You should have received a copy of the GNU Affero General Public License
    along with this program.  If not, see <https://www.gnu.org/licenses/>.
    -->
  	<meta http-equiv="Content-Type" content="text/html;charset=utf-8"/>
    <title>Chord Diagram</title>
    <!-- Google Fonts -->
    <script src="https://d3js.org/d3.v5.min.js"></script>
    <link
      href="https://fonts.googleapis.com/css?family=Lato:400,900"
      rel="stylesheet"
      type="text/css"
    />

    <style>
      .tippy-content {
        font-family: "Lato", sans-serif;
      }

      #chart-0e07a1a8, #featured-chart-0e07a1a8 {

        font-size: 16px;
        font-family: "Lato", sans-serif;
        text-align: center;
        fill: #454545;
      }

      #chart-0e07a1a8 svg, #featured-chart-0e07a1a8 svg {
        max-width: 700px;
      }

      @media (min-width: 600px) {
				#chart-0e07a1a8{
					font-size: 20px;
				}
			}
    </style>
  </head>
  <body>
    <div id="chart-0e07a1a8" class="chord">
    </div>
    <script src="https://unpkg.com/@popperjs/core@2"></script>
    <script src="https://unpkg.com/tippy.js@6"></script>
    <script>
      var script = document.createElement("script");
      script.type = "text/javascript";
      script.src = "https://d3js.org/d3.v5.min.js";

      script.onload = function () {

        var script2 = document.createElement("script");
        script2.type = "text/javascript";
        script2.src = "https://datacrayon.com/assets/chord/script.js";
        script2.onload = function () {
          margin = {
          left: 0,
          top: 0,
          right: 0,
          bottom: 0
        };
        width = Math.min(window.innerWidth, 700) - margin.left - margin.right;
        height = Math.min(window.innerWidth, 700) - margin.top - margin.bottom;
        innerRadius = Math.min(width, height) * 0.39;
        outerRadius = innerRadius * 1.1;

      tag_id = "chart-0e07a1a8";
      padding = 0.01;
      Names = ['LUV', 'SBUX', 'XOM', 'TWTR', 'PYPL', 'TQQQ', 'MRNA', 'WORK', 'UAL', 'DOW', 'NDAQ', 'BAC', 'SNAP', 'JPM', 'DOCU', 'BYND', 'NET', 'ROKU', 'FSLY', 'RKT', 'ATVI', 'NIO', 'DAL', 'INTC', 'SHOP', 'CCL', 'SQ', 'BABA', 'PTON', 'NFLX', 'DKNG', 'AAL', 'ZM', 'MGM', 'NKLA', 'WMT', 'SPCE', 'QQQ', 'DIS', 'NVDA', 'BA', 'FB', 'AMZN', 'AMD', 'MSFT', 'AAPL', 'SPY', 'TSLA'];
      colors = d3.schemeSet1;
      opacityDefault = 0.8;
      matrix = [[0.0, 0.0022666334775858932, 0.0037094031177003915, 0.0010038512365468204, 0.0, 0.0, 0.0, 0.0, 0.11546778540539544, 0.0, 0.0, 0.004498328858941307, 0.0, 0.0014605910549816724, 0.0, 0.0, 0.0, 0.0, 0.0, 0.0, 0.0, 0.0, 0.22644213617346937, 0.0, 0.0, 0.03584910841569071, 0.0, 0.0, 0.0, 0.0, 0.0, 0.16193963382729515, 0.0, 0.054495582741515086, 0.0, 0.0, 0.0, 0.0, 0.009875657532662006, 0.0, 0.02460514808174711, 0.0, 0.0, 0.0, 0.0, 0.0, 0.0, 0.0], [0.0022666334775858932, 0.0, 0.009458414257859335, 0.00873062916555954, 0.004034596973722352, 2.1821214875332205e-05, 0.0, 0.0036043807520689786, 0.0, 0.0, 0.0, 0.009747871435903013, 0.006092645059836514, 0.015977296786322544, 0.0, 0.009456169607768, 0.0, 0.0005243824045269738, 0.0, 0.0, 0.0, 0.0, 0.0031330516289856916, 0.0, 0.0, 0.0, 0.0028594770087160006, 0.0031724441541598866, 0.009750034868135738, 0.0, 0.0, 0.0035685071212350383, 0.0, 0.0, 0.0, 0.0, 0.0, 0.0, 0.031956172496237674, 0.005164418267222496, 0.012574335096402038, 0.013119587997816175, 0.0, 0.022092063363662533, 0.006564533655428471, 0.0, 0.001528078077046923, 0.0], [0.0037094031177003915, 0.009458414257859335, 0.0, 0.0, 0.000991183480027246, 0.0, 0.0, 0.0, 0.0, 0.017811058991228448, 0.0, 0.012320452719972244, 0.0, 0.018023805808062635, 0.0, 0.0, 0.0, 0.0, 0.0, 0.0, 0.0, 0.0, 0.006742431001261184, 0.01019228390651251, 0.0, 0.0, 0.00019686491829053624, 0.0, 0.0, 0.0, 0.0, 0.0, 0.0, 0.0072611856692513434, 0.0, 0.0, 0.0, 0.0, 0.0, 0.0, 0.022638495281464957, 0.0, 0.0, 0.0, 0.0, 0.0, 0.0, 0.0], [0.0010038512365468204, 0.00873062916555954, 0.0, 0.0, 0.004703517496079442, 0.0, 0.0, 0.0002086881651797687, 0.0, 0.0, 0.0, 0.0003361058924891066, 0.09078455256342291, 0.001136069011332135, 0.0, 0.0, 0.0, 0.0, 0.0, 0.0, 0.0, 0.002102343839384912, 0.0, 0.0, 0.0, 0.0, 0.019186577736656767, 0.0025189652202376755, 0.007300729554508446, 0.0006034755653139806, 0.0, 0.004064145448560604, 0.0, 8.793922196671904e-05, 0.0, 0.0, 0.0012153017909110795, 0.0, 0.0, 0.0, 0.0, 0.1139119154676312, 0.0, 0.0, 0.0, 0.0, 0.0, 0.0], [0.0, 0.004034596973722352, 0.000991183480027246, 0.004703517496079442, 0.0, 0.0, 0.0, 0.0, 0.0, 0.0, 0.0, 0.0, 0.008133870827238189, 0.0, 0.029075643373010746, 0.00778497866531906, 0.029073439799401884, 0.009248977882463455, 0.014844326472857551, 0.0, 0.015504064028565821, 0.01061589048024224, 0.0, 0.0, 0.03440083164284076, 0.0, 0.17534104982972346, 0.00041000066451907723, 0.04753843668866933, 0.007094084588653692, 0.0, 0.0, 0.0, 0.0, 0.0, 0.0014082985064737762, 0.0, 0.0, 0.0, 0.005395049452306694, 0.0, 0.017555446476485825, 0.01102812765926184, 0.0, 0.0048166254398713864, 0.0, 0.0, 0.0], [0.0, 2.1821214875332205e-05, 0.0, 0.0, 0.0, 0.0, 0.0, 0.0, 0.00286216395148428, 0.0, 0.02177064086115721, 0.0, 0.0, 0.0, 0.0, 0.0, 0.0, 0.0016007638065602143, 0.0, 0.0, 0.0, 0.0, 0.0, 0.0, 0.0, 0.0, 0.0, 0.0, 0.0, 0.0, 0.0, 0.0, 0.0, 0.0, 0.0, 0.0, 0.0, 0.1366061588750353, 0.0, 0.0, 0.0, 0.0020353016876908823, 0.0009381296608760468, 0.002479547844990706, 0.004044156644061179, 0.0, 0.02915112092083953, 0.0], [0.0, 0.0, 0.0, 0.0, 0.0, 0.0, 0.0, 0.0, 0.0, 0.0, 0.0070959416150954075, 0.0033548843425937943, 0.0, 0.00221242244084799, 0.0, 0.0, 0.0, 0.0, 0.0, 0.0, 0.0, 0.0, 0.0, 0.0, 0.0, 0.001734915243865916, 0.0, 0.0, 0.0, 0.0010715004515392994, 0.005859885901930058, 0.0, 0.0040497511222107535, 0.0, 0.0, 0.0014470503100526121, 0.0, 0.0, 0.0, 0.0, 0.0, 0.0, 0.0, 0.0, 0.0, 0.0, 0.0, 0.0], [0.0, 0.0036043807520689786, 0.0, 0.0002086881651797687, 0.0, 0.0, 0.0, 0.0, 0.0, 0.0, 0.0, 0.0012415184131118976, 0.0, 0.0, 0.08906069230405607, 0.0, 0.01533294466483377, 0.01009324087035584, 0.00420339892446305, 0.017921840948158477, 0.0, 0.0, 0.0, 0.0036488548545809993, 0.0007771923990190634, 0.0, 0.007178517513713667, 0.0012323432578423322, 0.029566184660522243, 0.0, 0.006535666394677996, 0.0, 0.06861855619352322, 0.0, 0.0, 0.0031231004414427285, 0.0, 0.0, 0.0, 0.0, 0.0, 0.0, 0.0, 0.0, 0.003230746834511388, 0.0, 0.0, 0.0], [0.11546778540539544, 0.0, 0.0, 0.0, 0.0, 0.00286216395148428, 0.0, 0.0, 0.0, 0.0, 0.0, 0.0006366450453237576, 0.0, 0.008616525931982442, 0.0, 0.0, 0.0, 0.0, 0.0, 0.0, 0.0, 0.0, 0.23617287046591037, 0.0, 0.0, 0.05364625386835225, 0.0, 0.0, 0.0, 0.0, 0.0010521910811834689, 0.22930720716498912, 0.0, 0.02947043244087192, 0.0, 0.0, 0.0, 0.0, 0.012435210567292987, 0.0, 0.03121337130873389, 0.0, 0.0, 0.0, 0.0, 0.0, 0.0, 0.0], [0.0, 0.0, 0.017811058991228448, 0.0, 0.0, 0.0, 0.0, 0.0, 0.0, 0.0, 0.21124413140375042, 0.0, 0.0, 0.0, 0.0, 0.0, 0.0, 0.0, 0.0, 0.0, 0.0, 0.0, 0.0, 0.0, 0.0, 0.0, 0.0, 0.0, 0.0, 0.0, 0.0, 0.0, 0.0, 0.0, 0.0, 0.0, 0.0, 0.012861496815438508, 0.0, 0.0, 0.02608490455313914, 0.0, 0.0, 0.0, 0.0, 0.0, 0.032499838931166404, 0.0], [0.0, 0.0, 0.0, 0.0, 0.0, 0.02177064086115721, 0.0070959416150954075, 0.0, 0.0, 0.21124413140375042, 0.0, 0.0, 0.0, 0.0, 0.0, 0.0, 0.0, 0.0, 0.0, 0.0, 0.0, 0.0, 0.0, 0.0, 0.0, 0.0, 0.0, 0.0, 0.0, 0.004288986739971116, 0.0, 0.0, 4.719576245568629e-05, 0.0, 0.0, 0.0, 0.0, 0.017463782320063508, 0.0, 0.0, 0.0, 0.0, 0.0, 0.0, 0.0, 0.0, 0.01428543006158784, 0.0], [0.004498328858941307, 0.009747871435903013, 0.012320452719972244, 0.0003361058924891066, 0.0, 0.0, 0.0033548843425937943, 0.0012415184131118976, 0.0006366450453237576, 0.0, 0.0, 0.0, 3.484675614893243e-06, 0.22166735056246292, 0.0, 0.0013715695072233352, 0.0, 0.0, 0.0, 0.0, 0.0, 0.0, 0.013617078371065178, 0.0, 0.0, 0.0056096664326600815, 0.0, 0.0, 0.0, 0.0, 0.0, 0.020360295427026887, 0.0, 0.010881304725408115, 0.0, 6.608356114403168e-05, 0.0, 0.0, 0.019889878765733712, 0.0, 0.011540802831169735, 0.0, 0.0, 0.0009062996684059638, 0.0, 0.0, 0.002438290137403791, 0.0], [0.0, 0.006092645059836514, 0.0, 0.09078455256342291, 0.008133870827238189, 0.0, 0.0, 0.0, 0.0, 0.0, 0.0, 3.484675614893243e-06, 0.0, 0.0, 0.0, 0.007540820473342679, 6.521305721141807e-05, 0.0, 0.00570318386157404, 0.0, 0.010356992891012062, 0.010052327271213623, 0.0, 0.0, 0.0, 0.0, 0.01208854596086699, 0.0, 0.006384406341059831, 0.0357429973853321, 0.0, 0.0, 0.012043455143204458, 0.0004400435659119073, 0.0, 0.0, 0.0012083837177875232, 0.0, 0.005062081960116538, 0.0, 0.0, 0.06763449203457018, 0.0, 0.0062186521759114415, 0.0, 0.0, 0.0, 0.0], [0.0014605910549816724, 0.015977296786322544, 0.018023805808062635, 0.001136069011332135, 0.0, 0.0, 0.00221242244084799, 0.0, 0.008616525931982442, 0.0, 0.0, 0.22166735056246292, 0.0, 0.0, 0.0, 0.008019539254757829, 0.0, 0.0, 0.0, 0.0, 0.0, 0.0, 0.011730052354548087, 0.0, 0.0, 0.0014428411430551134, 0.005805375851234608, 0.0, 0.0, 0.005431862453998054, 0.0, 0.006054174443053291, 0.0, 0.0, 0.0, 0.0036603121148009034, 0.0, 0.0, 0.004795883108010299, 0.0, 0.01645135712211653, 0.0, 0.0, 0.0, 0.0, 0.0, 0.0, 0.0], [0.0, 0.0, 0.0, 0.0, 0.029075643373010746, 0.0, 0.0, 0.08906069230405607, 0.0, 0.0, 0.0, 0.0, 0.0, 0.0, 0.0, 0.0, 0.01025261679854052, 0.0021959906106830784, 0.06100937935607985, 0.02429052844183977, 0.0, 0.003369910634833105, 0.0, 0.0, 0.008723187022152766, 0.0, 0.04791488349124587, 0.004649585573646461, 0.031374563599153756, 0.0, 0.0036650505341971474, 0.0, 0.1265254230253052, 0.0, 0.0, 0.0, 0.0, 0.0, 0.0, 0.014557620662017401, 0.0, 0.004108540689327474, 0.0016288353637324202, 0.0, 0.0, 0.0, 0.0, 0.0], [0.0, 0.009456169607768, 0.0, 0.0, 0.00778497866531906, 0.0, 0.0, 0.0, 0.0, 0.0, 0.0, 0.0013715695072233352, 0.007540820473342679, 0.008019539254757829, 0.0, 0.0, 0.0, 0.02867922408676876, 0.012801324086391423, 0.0, 0.02914212675933658, 0.00039759607753791414, 0.0, 0.0, 0.0236707147796959, 0.0, 0.010254686177218858, 0.0, 0.03285686407904697, 0.0, 0.002837131883708708, 0.0, 0.010347449100445764, 0.0, 0.006825631506387282, 0.0, 0.050094976308645366, 0.0, 0.004497822641599711, 0.0, 0.0, 0.0, 0.0, 0.0021138140933552652, 0.0, 0.0, 0.0, 0.03302515159577268], [0.0, 0.0, 0.0, 0.0, 0.029073439799401884, 0.0, 0.0, 0.01533294466483377, 0.0, 0.0, 0.0, 0.0, 6.521305721141807e-05, 0.0, 0.01025261679854052, 0.0, 0.0, 0.04284237886618559, 0.2604893583916547, 0.0, 0.01959908782866214, 0.006311562765748644, 0.0, 0.0, 0.0011723174243864509, 0.0, 0.01704918497952048, 0.0, 0.021327277914914154, 0.0, 0.004079231084347157, 0.0, 0.0, 0.0, 0.0, 0.003354201856051105, 0.0, 0.0, 0.0, 0.0008479841839778272, 0.0, 0.0, 0.0, 0.0, 0.0, 0.0, 0.0, 0.0], [0.0, 0.0005243824045269738, 0.0, 0.0, 0.009248977882463455, 0.0016007638065602143, 0.0, 0.01009324087035584, 0.0, 0.0, 0.0, 0.0, 0.0, 0.0, 0.0021959906106830784, 0.02867922408676876, 0.04284237886618559, 0.0, 0.018416170183950368, 0.0, 0.012356879381312184, 0.0, 0.0, 0.0, 0.05608880091234208, 0.0, 0.03476522626094285, 0.002591266318555818, 0.019219592752286473, 0.0777470723927771, 0.0, 0.0, 0.015714636443153077, 0.0, 0.0, 0.01009369931056595, 0.001981522050947645, 0.0, 0.006377765736090693, 0.007128489016824352, 0.0043423107167112045, 0.0, 0.0, 0.00028642025703736547, 0.0, 0.0, 0.0, 0.0], [0.0, 0.0, 0.0, 0.0, 0.014844326472857551, 0.0, 0.0, 0.00420339892446305, 0.0, 0.0, 0.0, 0.0, 0.00570318386157404, 0.0, 0.06100937935607985, 0.012801324086391423, 0.2604893583916547, 0.018416170183950368, 0.0, 0.009208699929745738, 0.01903598411349458, 0.00659551525677079, 0.0, 0.0, 0.02312874103728543, 0.0, 0.04555816871532114, 6.13648546704419e-05, 0.026143215841773287, 0.0, 0.0, 0.0, 0.02004675742745035, 0.0, 0.0, 0.0, 0.0, 0.0, 0.0, 0.003616956805022301, 0.0, 0.0, 0.0, 0.0, 0.0060063255870208805, 0.0, 0.0, 0.0], [0.0, 0.0, 0.0, 0.0, 0.0, 0.0, 0.0, 0.017921840948158477, 0.0, 0.0, 0.0, 0.0, 0.0, 0.0, 0.02429052844183977, 0.0, 0.0, 0.0, 0.009208699929745738, 0.0, 0.0, 0.01944658855525709, 0.0, 0.0, 0.0, 0.0, 0.0018305007826537477, 0.00045271277784976276, 0.029902861936740244, 0.0, 0.00588710291088771, 0.0, 0.029462408290588295, 0.0, 0.0010310476688228107, 0.0, 0.0, 0.0, 0.0, 0.006641574292210748, 0.0, 0.0, 0.0, 0.0, 0.0, 0.011705752709865081, 0.0, 0.007514437606350675], [0.0, 0.0, 0.0, 0.0, 0.015504064028565821, 0.0, 0.0, 0.0, 0.0, 0.0, 0.0, 0.0, 0.010356992891012062, 0.0, 0.0, 0.02914212675933658, 0.01959908782866214, 0.012356879381312184, 0.01903598411349458, 0.0, 0.0, 0.0, 0.0, 0.00784217630388657, 0.0, 0.0, 0.02761214840705806, 0.0, 0.029504562985681878, 0.0, 0.0, 0.0, 0.0, 0.0, 0.0, 0.0, 0.0, 0.0, 0.01558778319066372, 0.0, 0.0, 0.0, 0.0, 0.013741982318376582, 0.0018183770683091397, 0.0, 0.0, 0.0], [0.0, 0.0, 0.0, 0.002102343839384912, 0.01061589048024224, 0.0, 0.0, 0.0, 0.0, 0.0, 0.0, 0.0, 0.010052327271213623, 0.0, 0.003369910634833105, 0.00039759607753791414, 0.006311562765748644, 0.0, 0.00659551525677079, 0.01944658855525709, 0.0, 0.0, 0.0, 0.0, 0.0, 0.0, 0.02036627910978636, 0.0336436883525757, 0.006507835126035959, 0.0, 0.0029592656115637883, 0.0, 0.0, 0.0, 0.03544640836154137, 0.03781363814691142, 0.007946310227317451, 0.0, 0.0, 0.0, 0.0, 0.0020138263254763744, 0.0, 0.0, 0.0, 0.0, 0.0, 0.057520452245394774], [0.22644213617346937, 0.0031330516289856916, 0.006742431001261184, 0.0, 0.0, 0.0, 0.0, 0.0, 0.23617287046591037, 0.0, 0.0, 0.013617078371065178, 0.0, 0.011730052354548087, 0.0, 0.0, 0.0, 0.0, 0.0, 0.0, 0.0, 0.0, 0.0, 0.0, 0.0, 0.10021673539609152, 0.0, 0.0, 0.0, 0.0, 0.0, 0.21650945767905452, 0.0, 0.03184576320486167, 0.0, 0.0, 0.0, 0.0, 0.017101698523536154, 0.0, 0.03898760695319393, 0.0, 0.0, 0.0, 0.0, 0.0, 0.0, 0.0], [0.0, 0.0, 0.01019228390651251, 0.0, 0.0, 0.0, 0.0, 0.0036488548545809993, 0.0, 0.0, 0.0, 0.0, 0.0, 0.0, 0.0, 0.0, 0.0, 0.0, 0.0, 0.0, 0.00784217630388657, 0.0, 0.0, 0.0, 0.0, 0.0, 0.0, 0.0, 0.0, 0.0, 0.0, 0.0, 0.0, 0.0, 0.0, 0.0, 0.0, 0.0, 0.0, 0.04315268628891928, 0.0, 0.0, 0.0, 0.2523587134193568, 0.0, 0.0, 0.0, 0.0], [0.0, 0.0, 0.0, 0.0, 0.03440083164284076, 0.0, 0.0, 0.0007771923990190634, 0.0, 0.0, 0.0, 0.0, 0.0, 0.0, 0.008723187022152766, 0.0236707147796959, 0.0011723174243864509, 0.05608880091234208, 0.02312874103728543, 0.0, 0.0, 0.0, 0.0, 0.0, 0.0, 0.0, 0.051142628831283954, 0.016711106555462443, 0.01258342112294492, 0.016654157112005647, 0.0, 0.0, 0.030969873030943378, 0.0, 0.0, 0.00416469896779125, 0.0, 0.0, 0.0, 0.01120887088279501, 0.0035409695272305497, 0.054516379745996955, 0.08241139753218563, 0.00011843555296740091, 0.0019766664018160424, 0.0, 0.0, 0.024381516767807337], [0.03584910841569071, 0.0, 0.0, 0.0, 0.0, 0.0, 0.001734915243865916, 0.0, 0.05364625386835225, 0.0, 0.0, 0.0056096664326600815, 0.0, 0.0014428411430551134, 0.0, 0.0, 0.0, 0.0, 0.0, 0.0, 0.0, 0.0, 0.10021673539609152, 0.0, 0.0, 0.0, 0.0, 0.0, 0.0, 0.0, 0.0, 0.11502598821510619, 0.0, 0.06197701152203922, 0.0, 0.0, 0.0, 0.0, 0.027550018959322086, 0.0, 0.03638635378546066, 0.0, 0.0, 0.0, 0.0, 0.0, 0.0, 0.0], [0.0, 0.0028594770087160006, 0.00019686491829053624, 0.019186577736656767, 0.17534104982972346, 0.0, 0.0, 0.007178517513713667, 0.0, 0.0, 0.0, 0.0, 0.01208854596086699, 0.005805375851234608, 0.04791488349124587, 0.010254686177218858, 0.01704918497952048, 0.03476522626094285, 0.04555816871532114, 0.0018305007826537477, 0.02761214840705806, 0.02036627910978636, 0.0, 0.0, 0.051142628831283954, 0.0, 0.0, 0.011649592161702223, 0.02023584036925787, 0.012780349909367793, 0.0, 0.0, 0.01454140882252834, 0.0, 0.0, 0.007970163279207666, 0.0, 0.0, 0.00017972187829259372, 0.03190521061361594, 0.0, 0.015588638962509355, 0.010803328882459603, 0.016956504210585355, 0.0, 0.003649392453922768, 0.0, 0.0], [0.0, 0.0031724441541598866, 0.0, 0.0025189652202376755, 0.00041000066451907723, 0.0, 0.0, 0.0012323432578423322, 0.0, 0.0, 0.0, 0.0, 0.0, 0.0, 0.004649585573646461, 0.0, 0.0, 0.002591266318555818, 6.13648546704419e-05, 0.00045271277784976276, 0.0, 0.0336436883525757, 0.0, 0.0, 0.016711106555462443, 0.0, 0.011649592161702223, 0.0, 0.006856427594340607, 0.0003552933501850704, 0.0, 0.0, 0.0, 0.0, 0.0, 0.020481125794288957, 0.0, 0.0, 0.014314624907410504, 0.05556556635078098, 0.0, 0.017379517680560605, 0.022401675030726306, 0.0, 0.006566456564993915, 0.0, 0.0, 0.0], [0.0, 0.009750034868135738, 0.0, 0.007300729554508446, 0.04753843668866933, 0.0, 0.0, 0.029566184660522243, 0.0, 0.0, 0.0, 0.0, 0.006384406341059831, 0.0, 0.031374563599153756, 0.03285686407904697, 0.021327277914914154, 0.019219592752286473, 0.026143215841773287, 0.029902861936740244, 0.029504562985681878, 0.006507835126035959, 0.0, 0.0, 0.01258342112294492, 0.0, 0.02023584036925787, 0.006856427594340607, 0.0, 0.003107679772676445, 0.0, 0.0, 0.06382185546595998, 0.0, 0.0, 0.001455108469030477, 0.0044135960031387155, 0.004238082975175359, 0.0, 0.00944285725468373, 0.0, 0.0006268753958515764, 0.0, 0.0, 0.0, 0.003563617681502027, 0.0, 0.0], [0.0, 0.0, 0.0, 0.0006034755653139806, 0.007094084588653692, 0.0, 0.0010715004515392994, 0.0, 0.0, 0.0, 0.004288986739971116, 0.0, 0.0357429973853321, 0.005431862453998054, 0.0, 0.0, 0.0, 0.0777470723927771, 0.0, 0.0, 0.0, 0.0, 0.0, 0.0, 0.016654157112005647, 0.0, 0.012780349909367793, 0.0003552933501850704, 0.003107679772676445, 0.0, 0.0, 0.0, 0.019694949564609314, 0.0, 0.0, 0.0010903189866188951, 0.0, 0.0, 0.030053070452954793, 0.01660148731024202, 0.0, 0.02563964868494911, 0.08361973464497212, 0.006248424653905265, 0.019057935792689062, 0.011361579454254239, 0.0, 0.007053463653589411], [0.0, 0.0, 0.0, 0.0, 0.0, 0.0, 0.005859885901930058, 0.006535666394677996, 0.0010521910811834689, 0.0, 0.0, 0.0, 0.0, 0.0, 0.0036650505341971474, 0.002837131883708708, 0.004079231084347157, 0.0, 0.0, 0.00588710291088771, 0.0, 0.0029592656115637883, 0.0, 0.0, 0.0, 0.0, 0.0, 0.0, 0.0, 0.0, 0.0, 0.0, 0.022796531551537432, 0.1028645322153414, 0.042739702615738916, 0.0, 0.025366488919498605, 0.0, 0.051392761651799325, 0.0, 0.003087347347429415, 0.0, 0.0, 0.0, 0.0, 0.0, 0.0, 0.0], [0.16193963382729515, 0.0035685071212350383, 0.0, 0.004064145448560604, 0.0, 0.0, 0.0, 0.0, 0.22930720716498912, 0.0, 0.0, 0.020360295427026887, 0.0, 0.006054174443053291, 0.0, 0.0, 0.0, 0.0, 0.0, 0.0, 0.0, 0.0, 0.21650945767905452, 0.0, 0.0, 0.11502598821510619, 0.0, 0.0, 0.0, 0.0, 0.0, 0.0, 0.0, 0.0732134287391631, 0.0, 0.0, 0.0, 0.0, 0.014747593966566757, 0.0, 0.05950241861450465, 0.0, 0.0, 0.0, 0.0, 0.0, 0.0, 0.0], [0.0, 0.0, 0.0, 0.0, 0.0, 0.0, 0.0040497511222107535, 0.06861855619352322, 0.0, 0.0, 4.719576245568629e-05, 0.0, 0.012043455143204458, 0.0, 0.1265254230253052, 0.010347449100445764, 0.0, 0.015714636443153077, 0.02004675742745035, 0.029462408290588295, 0.0, 0.0, 0.0, 0.0, 0.030969873030943378, 0.0, 0.01454140882252834, 0.0, 0.06382185546595998, 0.019694949564609314, 0.022796531551537432, 0.0, 0.0, 0.0, 0.001941326359984594, 0.0, 0.0, 0.0, 0.0, 0.0069719827561465254, 0.0031092090222752133, 0.020291509519076552, 0.008333403259384862, 0.0, 0.0, 0.0, 0.0, 0.017144690040552787], [0.054495582741515086, 0.0, 0.0072611856692513434, 8.793922196671904e-05, 0.0, 0.0, 0.0, 0.0, 0.02947043244087192, 0.0, 0.0, 0.010881304725408115, 0.0004400435659119073, 0.0, 0.0, 0.0, 0.0, 0.0, 0.0, 0.0, 0.0, 0.0, 0.03184576320486167, 0.0, 0.0, 0.06197701152203922, 0.0, 0.0, 0.0, 0.0, 0.1028645322153414, 0.0732134287391631, 0.0, 0.0, 6.315752732281496e-05, 0.0, 0.0, 0.0, 0.046823070728470036, 0.0, 0.050258693461190454, 0.0, 0.0, 0.0, 0.0, 0.0, 0.0, 0.0], [0.0, 0.0, 0.0, 0.0, 0.0, 0.0, 0.0, 0.0, 0.0, 0.0, 0.0, 0.0, 0.0, 0.0, 0.0, 0.006825631506387282, 0.0, 0.0, 0.0, 0.0010310476688228107, 0.0, 0.03544640836154137, 0.0, 0.0, 0.0, 0.0, 0.0, 0.0, 0.0, 0.0, 0.042739702615738916, 0.0, 0.001941326359984594, 6.315752732281496e-05, 0.0, 0.0, 0.009218870775520506, 0.0, 0.0, 0.0, 0.0, 0.0, 0.0, 0.0, 0.0, 0.0, 0.0, 0.07329505510094912], [0.0, 0.0, 0.0, 0.0, 0.0014082985064737762, 0.0, 0.0014470503100526121, 0.0031231004414427285, 0.0, 0.0, 0.0, 6.608356114403168e-05, 0.0, 0.0036603121148009034, 0.0, 0.0, 0.003354201856051105, 0.01009369931056595, 0.0, 0.0, 0.0, 0.03781363814691142, 0.0, 0.0, 0.00416469896779125, 0.0, 0.007970163279207666, 0.020481125794288957, 0.001455108469030477, 0.0010903189866188951, 0.0, 0.0, 0.0, 0.0, 0.0, 0.0, 0.0, 0.0, 0.0, 0.004859396989610588, 0.0, 0.0, 0.039411834117184415, 0.0, 0.045502647170062936, 0.0, 0.0, 0.0], [0.0, 0.0, 0.0, 0.0012153017909110795, 0.0, 0.0, 0.0, 0.0, 0.0, 0.0, 0.0, 0.0, 0.0012083837177875232, 0.0, 0.0, 0.050094976308645366, 0.0, 0.001981522050947645, 0.0, 0.0, 0.0, 0.007946310227317451, 0.0, 0.0, 0.0, 0.0, 0.0, 0.0, 0.0044135960031387155, 0.0, 0.025366488919498605, 0.0, 0.0, 0.0, 0.009218870775520506, 0.0, 0.0, 0.0, 0.0, 0.0, 0.0, 0.0, 0.0, 0.017724839283393506, 0.03699972441860675, 0.0, 0.0, 0.07015673332031988], [0.0, 0.0, 0.0, 0.0, 0.0, 0.1366061588750353, 0.0, 0.0, 0.0, 0.012861496815438508, 0.017463782320063508, 0.0, 0.0, 0.0, 0.0, 0.0, 0.0, 0.0, 0.0, 0.0, 0.0, 0.0, 0.0, 0.0, 0.0, 0.0, 0.0, 0.0, 0.004238082975175359, 0.0, 0.0, 0.0, 0.0, 0.0, 0.0, 0.0, 0.0, 0.0, 0.0, 0.0, 0.0, 0.0021728732379728646, 0.003233666565918335, 0.0, 0.006010719762340513, 0.004986420093433517, 0.19098576172882523, 0.0], [0.009875657532662006, 0.031956172496237674, 0.0, 0.0, 0.0, 0.0, 0.0, 0.0, 0.012435210567292987, 0.0, 0.0, 0.019889878765733712, 0.005062081960116538, 0.004795883108010299, 0.0, 0.004497822641599711, 0.0, 0.006377765736090693, 0.0, 0.0, 0.01558778319066372, 0.0, 0.017101698523536154, 0.0, 0.0, 0.027550018959322086, 0.00017972187829259372, 0.014314624907410504, 0.0, 0.030053070452954793, 0.051392761651799325, 0.014747593966566757, 0.0, 0.046823070728470036, 0.0, 0.0, 0.0, 0.0, 0.0, 0.0, 0.03580920369866881, 0.023042323933977794, 0.0, 0.0, 0.0, 0.0, 0.03338134690449492, 0.0], [0.0, 0.005164418267222496, 0.0, 0.0, 0.005395049452306694, 0.0, 0.0, 0.0, 0.0, 0.0, 0.0, 0.0, 0.0, 0.0, 0.014557620662017401, 0.0, 0.0008479841839778272, 0.007128489016824352, 0.003616956805022301, 0.006641574292210748, 0.0, 0.0, 0.0, 0.04315268628891928, 0.01120887088279501, 0.0, 0.03190521061361594, 0.05556556635078098, 0.00944285725468373, 0.01660148731024202, 0.0, 0.0, 0.0069719827561465254, 0.0, 0.0, 0.004859396989610588, 0.0, 0.0, 0.0, 0.0, 0.0, 0.011998097730686892, 0.018455878003579746, 0.1605018463122331, 0.016986174296743428, 0.07019805662389769, 0.0, 0.028915684640493874], [0.02460514808174711, 0.012574335096402038, 0.022638495281464957, 0.0, 0.0, 0.0, 0.0, 0.0, 0.03121337130873389, 0.02608490455313914, 0.0, 0.011540802831169735, 0.0, 0.01645135712211653, 0.0, 0.0, 0.0, 0.0043423107167112045, 0.0, 0.0, 0.0, 0.0, 0.03898760695319393, 0.0, 0.0035409695272305497, 0.03638635378546066, 0.0, 0.0, 0.0, 0.0, 0.003087347347429415, 0.05950241861450465, 0.0031092090222752133, 0.050258693461190454, 0.0, 0.0, 0.0, 0.0, 0.03580920369866881, 0.0, 0.0, 0.003173416929834942, 0.004285309451155489, 0.0, 0.0, 0.0, 0.0, 0.0], [0.0, 0.013119587997816175, 0.0, 0.1139119154676312, 0.017555446476485825, 0.0020353016876908823, 0.0, 0.0, 0.0, 0.0, 0.0, 0.0, 0.06763449203457018, 0.0, 0.004108540689327474, 0.0, 0.0, 0.0, 0.0, 0.0, 0.0, 0.0020138263254763744, 0.0, 0.0, 0.054516379745996955, 0.0, 0.015588638962509355, 0.017379517680560605, 0.0006268753958515764, 0.02563964868494911, 0.0, 0.0, 0.020291509519076552, 0.0, 0.0, 0.0, 0.0, 0.0021728732379728646, 0.023042323933977794, 0.011998097730686892, 0.003173416929834942, 0.0, 0.10311544793744858, 0.00024318910622809887, 0.08930548022096416, 0.09449550993831402, 0.0, 0.0], [0.0, 0.0, 0.0, 0.0, 0.01102812765926184, 0.0009381296608760468, 0.0, 0.0, 0.0, 0.0, 0.0, 0.0, 0.0, 0.0, 0.0016288353637324202, 0.0, 0.0, 0.0, 0.0, 0.0, 0.0, 0.0, 0.0, 0.0, 0.08241139753218563, 0.0, 0.010803328882459603, 0.022401675030726306, 0.0, 0.08361973464497212, 0.0, 0.0, 0.008333403259384862, 0.0, 0.0, 0.039411834117184415, 0.0, 0.003233666565918335, 0.0, 0.018455878003579746, 0.004285309451155489, 0.10311544793744858, 0.0, 0.0, 0.10321088780750214, 0.11008653044757734, 0.0, 0.10009737170498292], [0.0, 0.022092063363662533, 0.0, 0.0, 0.0, 0.002479547844990706, 0.0, 0.0, 0.0, 0.0, 0.0, 0.0009062996684059638, 0.0062186521759114415, 0.0, 0.0, 0.0021138140933552652, 0.0, 0.00028642025703736547, 0.0, 0.0, 0.013741982318376582, 0.0, 0.0, 0.2523587134193568, 0.00011843555296740091, 0.0, 0.016956504210585355, 0.0, 0.0, 0.006248424653905265, 0.0, 0.0, 0.0, 0.0, 0.0, 0.0, 0.017724839283393506, 0.0, 0.0, 0.1605018463122331, 0.0, 0.00024318910622809887, 0.0, 0.0, 0.06574052441127058, 0.015187526370942993, 0.0, 0.0], [0.0, 0.006564533655428471, 0.0, 0.0, 0.0048166254398713864, 0.004044156644061179, 0.0, 0.003230746834511388, 0.0, 0.0, 0.0, 0.0, 0.0, 0.0, 0.0, 0.0, 0.0, 0.0, 0.0060063255870208805, 0.0, 0.0018183770683091397, 0.0, 0.0, 0.0, 0.0019766664018160424, 0.0, 0.0, 0.006566456564993915, 0.0, 0.019057935792689062, 0.0, 0.0, 0.0, 0.0, 0.0, 0.045502647170062936, 0.03699972441860675, 0.006010719762340513, 0.0, 0.016986174296743428, 0.0, 0.08930548022096416, 0.10321088780750214, 0.06574052441127058, 0.0, 0.14886150603417586, 0.0, 0.003879796227442476], [0.0, 0.0, 0.0, 0.0, 0.0, 0.0, 0.0, 0.0, 0.0, 0.0, 0.0, 0.0, 0.0, 0.0, 0.0, 0.0, 0.0, 0.0, 0.0, 0.011705752709865081, 0.0, 0.0, 0.0, 0.0, 0.0, 0.0, 0.003649392453922768, 0.0, 0.003563617681502027, 0.011361579454254239, 0.0, 0.0, 0.0, 0.0, 0.0, 0.0, 0.0, 0.004986420093433517, 0.0, 0.07019805662389769, 0.0, 0.09449550993831402, 0.11008653044757734, 0.015187526370942993, 0.14886150603417586, 0.0, 0.0, 0.1422343574674149], [0.0, 0.001528078077046923, 0.0, 0.0, 0.0, 0.02915112092083953, 0.0, 0.0, 0.0, 0.032499838931166404, 0.01428543006158784, 0.002438290137403791, 0.0, 0.0, 0.0, 0.0, 0.0, 0.0, 0.0, 0.0, 0.0, 0.0, 0.0, 0.0, 0.0, 0.0, 0.0, 0.0, 0.0, 0.0, 0.0, 0.0, 0.0, 0.0, 0.0, 0.0, 0.0, 0.19098576172882523, 0.03338134690449492, 0.0, 0.0, 0.0, 0.0, 0.0, 0.0, 0.0, 0.0, 0.0], [0.0, 0.0, 0.0, 0.0, 0.0, 0.0, 0.0, 0.0, 0.0, 0.0, 0.0, 0.0, 0.0, 0.0, 0.0, 0.03302515159577268, 0.0, 0.0, 0.0, 0.007514437606350675, 0.0, 0.057520452245394774, 0.0, 0.0, 0.024381516767807337, 0.0, 0.0, 0.0, 0.0, 0.007053463653589411, 0.0, 0.0, 0.017144690040552787, 0.0, 0.07329505510094912, 0.0, 0.07015673332031988, 0.0, 0.0, 0.028915684640493874, 0.0, 0.0, 0.10009737170498292, 0.0, 0.003879796227442476, 0.1422343574674149, 0.0, 0.0]];
      wrap_labels = false;
      credit = false
      
      ////////////////////////////////////////////////////////////
      /////////// Create scale and layout functions //////////////
      ////////////////////////////////////////////////////////////

      var colors = d3
        .scaleOrdinal()
        .domain(d3.range(Names.length))
        .range(colors);

      //A "custom" d3 chord function that automatically sorts the order of the chords in such a manner to reduce overlap
      var chord = customChordLayout()
        .padding(padding)
        .sortChords(d3.descending) //which chord should be shown on top when chords cross. Now the biggest chord is at the bottom
        .matrix(matrix);

      var arc = d3
        .arc()
        .innerRadius(innerRadius * 1.01)
        .outerRadius(outerRadius);

      var path = d3.ribbon().radius(innerRadius);

      ////////////////////////////////////////////////////////////
      ////////////////////// Create SVG //////////////////////////
      ///////////////////////////////////////////////////////////

      var svg = d3
        .select("#" + tag_id)
        .append("svg")
        .attr(
          "viewBox",
          "0 0 " +
            (width + margin.left + margin.right) +
          " " +
          (height + margin.top + margin.bottom)
        )
        .attr("preserveAspectRatio", "xMinYMin meet")
        .append("g")
        .attr(
          "transform",
          "translate(" +
            (width / 2 + margin.left) +
            "," +
            (height / 2 + margin.top) +
            ")"
        );

        d3
          .select("#" + tag_id)
          .append("span")
          .style("display", "block")
          .style("font-size", "12px")
          .style("text-align", "right")
          .style("font-family", '"Arial", sans-serif')
          .html('get <a href="https://m8.fyi/chord">chord pro</a> [<a href="https://twitter.com/shahinrostami">@ShahinRostami</a>]');

        d3
          .select("#" + tag_id)
          .select("span")
          .append("span")
          .style("font-size", "12px")
          .style("font-family", '"Arial", sans-serif')
          .html('<br>see more at <a href="https://stamilabs.com">StamiLabs.com</a>');
        
      ////////////////////////////////////////////////////////////
      /////////////// Create the gradient fills //////////////////
      ////////////////////////////////////////////////////////////

      //Function to create the id for each chord gradient
      function getGradID(d) {
        return (
          "linkGrad-" + tag_id + "-" + d.source.index + "-" + d.target.index
        );
      }




      //Create the gradients definitions for each chord
      var grads = svg
        .append("defs")
        .selectAll("linearGradient")
        .data(chord.chords())
        .enter()
        .append("linearGradient")
        .attr("id", getGradID)
        .attr("gradientUnits", "userSpaceOnUse")
        .attr("x1", function (d, i) {
          return (
            innerRadius *
            Math.cos(
              (d.source.endAngle - d.source.startAngle) / 2 +
                d.source.startAngle -
                Math.PI / 2
            )
          );
        })
        .attr("y1", function (d, i) {
          return (
            innerRadius *
            Math.sin(
              (d.source.endAngle - d.source.startAngle) / 2 +
                d.source.startAngle -
                Math.PI / 2
            )
          );
        })
        .attr("x2", function (d, i) {
          return (
            innerRadius *
            Math.cos(
              (d.target.endAngle - d.target.startAngle) / 2 +
                d.target.startAngle -
                Math.PI / 2
            )
          );
        })
        .attr("y2", function (d, i) {
          return (
            innerRadius *
            Math.sin(
              (d.target.endAngle - d.target.startAngle) / 2 +
                d.target.startAngle -
                Math.PI / 2
            )
          );
        });

      //Set the starting color (at 0%)
      grads
        .append("stop")
        .attr("offset", "0%")
        .attr("stop-color", function (d) {
          return colors(d.source.index);
        });

      //Set the ending color (at 100%)
      grads
        .append("stop")
        .attr("offset", "100%")
        .attr("stop-color", function (d) {
          return colors(d.target.index);
        });

      ////////////////////////////////////////////////////////////
      ////////////////// Draw outer Arcs /////////////////////////
      ////////////////////////////////////////////////////////////

      var outerArcs = svg
        .selectAll("g.group")
        .data(chord.groups)
        .enter()
        .append("g")
        .attr("class", "group")
        .on("mouseover", fade(0.1, 1))
        .on("mouseout", fade(opacityDefault, opacityDefault));

      outerArcs
        .append("path")
        .style("fill", function (d) {
          return colors(d.index);
        })
        .attr("d", arc)
        .each(function (d, i) {
          //Search pattern for everything between the start and the first capital L
          var firstArcSection = /(^.+?)L/;

          //Grab everything up to the first Line statement
          var newArc = firstArcSection.exec(d3.select(this).attr("d"))[1];
          //Replace all the comma's so that IE can handle it
          newArc = newArc.replace(/,/g, " ");

          //If the end angle lies beyond a quarter of a circle (90 degrees or pi/2)
          //flip the end and start position
          if (
            (d.endAngle > (90 * Math.PI) / 180) &
            (d.startAngle < (270 * Math.PI) / 180)
          ) {
            var startLoc = /M(.*?)A/, //Everything between the first capital M and first capital A
              middleLoc = /A(.*?)0 0 1/, //Everything between the first capital A and 0 0 1
              endLoc = /0 0 1 (.*?)$/; //Everything between the first 0 0 1 and the end of the string (denoted by $)
            //Flip the direction of the arc by switching the start en end point (and sweep flag)
            //of those elements that are below the horizontal line
            var newStart = endLoc.exec(newArc)[1];
            var newEnd = startLoc.exec(newArc)[1];
            var middleSec = middleLoc.exec(newArc)[1];

            //Build up the new arc notation, set the sweep-flag to 0
            newArc = "M" + newStart + "A" + middleSec + "0 0 0 " + newEnd;
          } //if

          //Create a new invisible arc that the text can flow along
          svg
            .append("path")
            .attr("class", "hiddenArcs")
            .attr("id", "arc-" + tag_id + "-" + i)
            .attr("d", newArc)
            .style("fill", "none");
     });
          ////////////////////////////////////////////////////////////
          ////////////////// Append Names ////////////////////////////
          ////////////////////////////////////////////////////////////

          //Append the label names on the outside

          if (wrap_labels) {
            outerArcs
              .append("text")
              .attr("class", "titles")
              .attr("dy", function (d, i) {
                return (d.endAngle > (90 * Math.PI) / 180) &
                  (d.startAngle < (270 * Math.PI) / 180)
                  ? 25
                  : -16;
              })
              .append("textPath")
              .attr("startOffset", "50%")
              .style("text-anchor", "middle")
              .attr("xlink:href", function (d, i) {
                return "#arc-" + tag_id + "-" + i;
              })
              .text(function (d, i) {
                return Names[i];
              });
          } else {
            //Append the label names on the outside
            outerArcs
              .append("text")
              .each(function (d) {
                d.angle = (d.startAngle + d.endAngle) / 2;
              })
              .attr("dy", ".35em")
              .attr("class", "titles")
              .attr("text-anchor", function (d) {
                return d.angle > Math.PI ? "end" : null;
              })
              .attr("transform", function (d) {
                return (
                  "rotate(" +
                  ((d.angle * 180) / Math.PI - 90) +
                  ")" +
                  "translate(" +
                  (outerRadius + 10) +
                  ")" +
                  (d.angle > Math.PI ? "rotate(180)" : "")
                );
              })
              .text(function (d, i) {
                return Names[i];
              });
          }

          ////////////////////////////////////////////////////////////
          ////////////////// Draw inner chords ///////////////////////
          ////////////////////////////////////////////////////////////

          svg
            .selectAll("path.chord")
            .data(chord.chords)
            .enter()
            .append("path")
            .attr("class", "chord")
            .style("fill", function (d) {
              return "url(#" + getGradID(d) + ")";
            })
            .style("opacity", opacityDefault)
            .attr("d", path)
            .on("mouseover", mouseoverChord())
            .on("mouseout", mouseoutChord(opacityDefault, opacityDefault));
   
      ////////////////////////////////////////////////////////////
      ////////////////// Extra Functions /////////////////////////
      ////////////////////////////////////////////////////////////

      //Returns an event handler for fading a given chord group.
      function fade(opacityIn, opacityOut) {
        return function (d, i) {
          d3.select(this.ownerSVGElement)
            .selectAll("path.chord")
            .filter(function (d) {
              return d.source.index !== i && d.target.index !== i;
            })
            .transition()
            .style("opacity", opacityIn);

          d3.select(this.ownerSVGElement)
            .selectAll("path.chord")
            .filter(function (d) {
              return d.source.index == i || d.target.index == i;
            })
            .transition()
            .style("opacity", opacityOut);

            
        };
      } //fade

      //Highlight hovered over chord
      function mouseoverChord() {
        return function (d, i) {

        d3.select(this.ownerSVGElement)
          .selectAll("path.chord")
          .transition()
          .style("opacity", 0.1);
        //Show hovered over chord with full opacity
        d3.select(this).transition().style("opacity", 1);

        tippy_content = "<span style='font-weight:900'>" +
            Names[d.source.index] +
            "</span> and <span style='font-weight:900'>" +
            Names[d.target.index] +
            "</span><br>occur together in <span style='font-weight:900'>" +
            d.source.value +
            "</span> instances";
   
        if(this._tippy == null)
        {
          tippy(this, {
            allowHTML: true,
            followCursor: true,
            content: tippy_content,
            size: "large",
            arrow: true,
          });
        }

        };
        
      } //fade

      //Bring all chords back to default opacity
      function mouseoutChord(opacityIn, opacityOut) {
        return function (d, i) {
        d3.select(this.ownerSVGElement)
          .selectAll("path.chord")
          .transition()
          .style("opacity", opacityOut);
        };
        //Set opacity back to default for all
      } //function mouseoutChord


        };
        document.body.appendChild(script2);
      };

      document.body.appendChild(script);
    </script>
    <script></script>
  </body>
</html>
